0 0
1 1
2 4
3 7
4 15
5 19
6 25
7 33
8 54
9 84
10 111
11 145
12 167
13 192
14 277
15 489
16 621
17 750
18 907
19 1077
20 1169
21 1308
22 1423
23 1552
24 1742
25 1926
26 2132
27 2371
28 2566
29 2916
30 3156
31 3581
32 3845
33 4102
34 4226
35 4447
36 4655
37 4935
38 5208
39 5349
40 5510
41 5755
42 5863
43 6010
44 6160
45 6244
46 6320
47 6415
48 6488
49 6566
50 6677
51 6791
52 6791
53 6791
54 6984
55 7113
56 7166
57 7250
58 7345
59 7408
60 7408
61 7408
62 7533
63 7605
64 7667
65 7710
66 7759
67 7783
68 7809
69 7847
70 7903
71 7954
72 7995
73 8034
74 8034
75 8069
76 8099
0 0
1 1
2 4
3 7
4 15
5 19
6 25
7 33
8 54
9 84
10 111
11 145
12 167
13 192
14 277
15 489
16 621
17 750
18 907
19 1077
20 1169
21 1308
22 1423
23 1552
24 1742
25 1926
26 2132
27 2371
28 2566
29 2916
30 3156
31 3581
32 3845
33 4102
34 4226
35 4447
36 4655
37 4935
38 5208
39 5349
40 5510
41 5755
42 5863
43 6010
44 6160
45 6244
46 6320
47 6415
48 6488
49 6566
50 6677
51 6791
52 6791
53 6791
54 6984
55 7113
56 7166
57 7250
58 7345
59 7408
60 7408
61 7408
62 7533
63 7605
64 7667
65 7710
66 7759
67 7783
68 7809
69 7847
70 7903
71 7954
72 7995
73 8034
74 8034
75 8069
76 8099
